333171
333168
333139
332801
332614
332507
332265
332049
331991
331923
331762
331481
331416
330806
330777
330604
330229
329191
328855
327660
327612
327426
325184
321866
321768
321743
321727
321672
321622
321610
321609
321603
321434
321308
321248
321246
321234
321199
321190
321179
321174
321167
321152
321139
321134
321055
320853
319816
319232
318187
317246
317054
317036
316905
316486
315571
314412
313313
313273
313235
313213
313193
313185
313173
313169
313162
313153
313128
313126
312674
312635
312625
312254
312104
311398
311334
311121
311095
311043
311041
310866
310138
309845
309844
309569
309445
309401
309307
309245
309242
309237
309230
309223
309094
308981
308980
308364
308065
308059
307911
307907
307848
307836
307824
307817
307811
301612
299112
292909
288364
288346
286883
286749
286748
285580
285052
283640
282780
282736
282345
281632
281443
277332
277188
275101
275010
274999
274967
274890
274749
274747
274724
274723
274722
274721
274720
274718
274717
274716
274715
274714
274713
274711
274702
274692
274690
274687
274686
274685
274460
274354
274251
274213
274185
274106
274105
274080
274012
274001
273964
273962
273961
273892
273876
273872
273852
273845
273819
273758
273671
273655
273652
273521
273504
273486
273420
273417
273377
273104
272997
270542
267777
259985
259846
259795
240004
239988
239976
239967
239961
239954
239928
239913
239907
239823
239814
239811
239733
239725
239459
239094
239093
238897
238707
238706
238630
238491
238301
237875
237872
237852
237850
237847
237757
237755
237754
237753
237751
237750
237551
237510
237498
237497
237496
237495
237494
237493
237492
237476
237417
237412
237340
237331
237329
237325
237287
237283
237167
237143
237067
237055
237049
237037
237005
236589
236588
236587
236584
236575
236547
236497
236470
236459
236323
236303
236302
236301
236300
236299
236298
236297
236296
236295
236294
236293
236292
236291
236290
236289
236288
236287
236286
236282
236247
236246
236047
235972
235807
235806
235804
235803
235802
235799
235795
235794
235793
235786
235757
235693
235690
235688
235683
235602
235598
235594
235539
235496
235283
235282
235280
235277
235275
235274
235273
235271
235268
235267
235264
235263
235262
235260
235259
235257
235254
235252
235250
235247
235245
235242
235238
235233
235231
235229
235220
235216
235215
235214
235213
235211
235210
235209
235208
235207
235206
235205
235204
235203
235202
235201
235200
235199
235198
235197
235196
235195
235194
235193
235192
235191
235190
235189
235188
235187
235185
235183
235024
234931
234922
234916
234915
234909
234908
234906
234903
234876
234867
234865
234841
234837
234834
234833
234766
234763
234760
234758
234756
234755
234751
234747
234746
227912
227845
227770
227727
227718
227669
227595
227583
227331
227282
227281
227241
227218
227217
227184
227098
227041
226796
226795
226794
226793
226792
226574
226566
226533
226532
226521
226515
226514
226510
226494
226406
226405
226303
225966
225947
225914
225906
225905
225903
225893
225892
225891
225824
225812
225808
225445
225442
225435
225429
225321
225320
225310
225309
225300
225290
225288
225286
225285
225278
225276
225275
225274
225273
225175
225163
225157
225146
225011
225004
225001
224945
224884
224866
224849
224842
224821
224819
224804
224800
224773
224768
224762
224744
224742
224737
224730
224696
224673
224664
224660
224645
224623
224615
224612
224599
224595
224587
224579
224564
224559
224549
224545
224524
224518
224507
224504
224497
224487
224466
224448
224408
224377
224313
224307
224289
224259
224258
224244
224222
213839
212587
212552
206771
200071
199206
193609
193576
191923
189049
189048
188640
188623
188476
188368
188367
187883
187882
187881
187816
187797
187790
187786
187780
187744
187743
185682
184943
184940
184884
184878
184834
184470
184316
184311
184037
183941
183914
183885
183872
183606
183423
183392
183347
183346
181963
181787
181785
181478
181467
181466
181413
181402
180576
180574
180570
180569
180567
180565
180559
180381
180380
180379
180367
180247
180169
179831
179820
179806
179798
179794
179766
179746
179734
179730
179728
179721
179712
179708
179699
179392
179263
179261
179252
179251
179250
179239
179235
179234
179220
179205
179173
179139
179133
179131
179112
179110
179041
179023
179013
179008
173932
173917
173821
173010
169390
169389
168377
163703
163366
147379
133466
133439
132908
132903
132725
132666
132138
131391
131290
131120
130851
130830
130624
130609
130572
130570
130451
130376
130309
130115
129981
129440
106159
100110
100080
100055
100036
99919
99913
99826
99824
99823
333226
333225
333042
332349
332246
332183
332002
331996
331944
331892
331594
331412
331409
331408
331401
329220
329197
329196
328960
328904
327676
327661
327646
327601
327572
327443
327442
327436
325694
324345
321856
321789
321744
321628
321627
321626
321625
321624
321623
321620
321619
321618
321617
321616
321615
321614
321613
321612
321611
321608
321607
321606
321604
321602
321600
321599
321597
321596
321508
321461
321453
321211
321204
321201
321173
321156
321151
319057
319028
319022
318728
318661
318233
317319
316927
315527
314988
314657
314430
314426
314422
314378
314373
313946
313919
313905
313774
313369
313368
313358
313304
313260
313239
313238
313236
313225
313194
313174
313172
313171
313170
313168
313166
313165
313164
313163
313161
313160
313159
313158
313157
313155
313154
313152
313151
313150
313137
313131
313130
313111
312842
312654
312648
312612
312570
312525
312510
312006
311800
311722
311640
311616
311250
311196
311042
311027
310946
310845
310838
310494
310443
310399
310220
310215
310208
310167
310011
310010
309688
309654
309564
309518
309454
309424
309370
309369
309368
309367
309366
309222
308687
308431
308399
308228
308060
307906
307830
307827
307657
305116
304975
303009
302911
299095
295139
294981
294965
294953
294373
293531
292155
292152
291475
291237
291228
290912
290403
289758
289694
288400
288373
288361
288355
288325
288306
287815
287577
286972
286923
286911
286903
286706
286688
286305
286290
286263
286261
286197
286191
286190
286106
285654
285193
285186
285183
285070
284735
284066
283751
283402
283279
282295
282289
281936
281653
280458
280227
280223
280139
280105
276145
276111
275362
275361
275236
275143
275112
275110
275099
275060
275058
275055
275053
275052
275051
275035
275024
275023
275016
275011
275008
274998
274997
274966
274918
274881
274830
274796
274772
274752
274709
274525
274520
274506
274503
274502
274501
274500
274499
274498
274497
274493
274454
274429
274397
274352
274187
274047
273878
273861
273694
273693
273502
273450
273449
273340
273259
273250
273240
273074
273046
273031
273024
273018
273009
273003
272999
272988
270689
267934
261026
260590
259981
259892
255677
255617
251014
240009
240006
240005
240003
239987
239983
239978
239933
239919
239508
239237
239190
238773
238688
237878
237854
237853
237849
237848
237842
237841
237840
237833
237801
237799
237798
237791
237759
237752
237747
237730
237690
237651
237649
237642
237618
237611
237601
237596
237582
237565
237521
237519
237518
237509
237506
237439
237433
237432
237426
237418
237409
237397
237343
237298
237286
237251
237239
237176
237162
237160
237136
237120
237118
237090
237089
237078
237066
236586
236574
236571
236556
236555
236554
236553
236552
236493
236482
236469
236466
236460
236284
236283
236259
236257
236255
236254
236253
236250
236249
236248
236245
236244
235971
235970
235969
235912
235801
235800
235796
235792
235791
235790
235788
235769
235768
235767
235766
235764
235762
235761
235759
235758
235756
235754
235752
235684
235682
235608
235607
235606
235605
235601
235597
235540
235265
235258
235226
235224
235223
235184
235182
235181
235180
235178
235175
235169
235157
235155
235032
235027
235026
235023
235022
234930
234914
234913
234912
234911
234910
234890
234888
234885
234882
234881
234879
234878
234875
234872
234868
234862
234839
234836
234830
234772
234740
234738
234702
227930
227848
227781
227780
227714
227710
227705
227686
227329
227273
227258
227257
227256
227251
227243
227239
227237
227224
227222
227220
227219
227216
227208
227197
227192
227191
227164
227155
227146
227138
227137
227097
227092
227090
227089
227088
227086
227085
227083
227082
227081
226671
226575
226572
226569
226568
226567
226565
226564
226563
226562
226561
226560
226559
226558
226557
226556
226555
226554
226552
226551
226550
226549
226548
226547
226546
226545
226544
226543
226542
226541
226540
226539
226538
226537
226536
226535
226534
226531
226529
226528
226527
226526
226525
226524
226523
226522
226520
226519
226518
226517
226516
226513
226512
226511
226509
226507
226506
226505
226504
226503
226502
226501
226500
226499
226498
226497
226496
226495
226493
226492
226491
226490
226336
226166
226147
226139
225997
225964
225933
225925
225924
225923
225908
225901
225900
225899
225898
225890
225889
225888
225887
225791
225436
225315
225302
225299
225294
225141
225128
225061
225028
225009
224994
224980
224972
224965
224958
224954
224948
224940
224939
224935
224925
224902
224878
224873
224846
224844
224838
224820
224803
224797
224792
224757
224735
224734
224723
224713
224703
224698
224691
224686
224685
224667
224659
224625
224624
224621
224607
224603
224581
224542
224532
224530
224465
224449
224421
224414
224373
224340
224335
224329
224284
224275
224245
224175
224150
224144
224123
224075
224074
224032
224028
223967
223960
223925
213927
213910
213906
213901
213830
213789
213523
213509
213266
212490
212489
211993
211940
211565
211428
211343
200547
200426
200424
200395
200394
200016
188546
188539
188472
188307
188057
187890
187889
187876
187855
187829
187682
185388
184942
184936
184902
184887
184886
184885
184883
184830
184826
184795
184785
184745
184733
184640
184612
184604
184597
184596
184594
184576
184553
184549
184548
184540
184475
184471
184462
184430
184409
184379
184341
184325
184232
184199
184171
184169
184165
184155
184108
183964
183956
183939
183904
183903
183887
183811
183731
183673
183649
183619
183607
183558
183451
183397
181786
181784
181779
181465
181462
181460
181459
181411
181407
181406
181403
181400
181399
181395
181394
181393
181392
180890
180887
180562
180556
180550
180548
180547
180511
180509
180508
180506
180505
180501
180368
180366
180363
180362
180361
180256
179802
179790
179752
179711
179690
179689
179688
179685
179684
179677
179676
179667
179660
179635
179417
179391
179387
179385
179247
179241
179208
179203
179187
179185
179184
179181
179177
179167
179113
179104
173162
173051
172968
172923
172916
172912
172797
172778
172756
172749
172735
172734
172695
172666
172537
172532
172523
172522
172307
172200
171796
171652
170017
170016
169428
169427
169425
169423
169420
169415
169414
169409
169406
169401
169400
169397
169396
169387
169386
169384
169382
168237
168145
167678
167649
167628
167593
167589
167581
167170
166979
163596
163593
163592
163561
163557
163556
161726
152571
151973
151840
147046
140001
135906
135898
133430
132661
132613
132594
132378
132337
132333
132331
132329
132326
132324
132321
132320
132318
132317
132315
132313
132312
132311
132310
132308
132303
132301
132300
132215
132198
131972
131747
131746
131719
131559
131424
131423
131422
131421
131133
131100
131024
130886
130785
130784
130314
130219
130218
130183
130181
129819
129804
129628
129581
129580
129562
129509
129506
129505
129499
129469
129416
129414
129411
129396
129390
129386
129371
129370
129368
129266
129265
129249
129247
129135
116708
115861
106587
106194
106000
102381
102378
102377
102374
102372
102370
102369
102368
102361
102357
102355
102354
102351
102340
101884
101376
100814
100813
100810
100807
100801
100796
99879
99745
