222768
222769
164773
164774
222770
164775
164776
222771
222772
164777
106880
222773
133846
133847
222774
222775
106886
164779
222776
164781
177266
222777
133855
222778
222779
177267
222780
177268
164786
164787
222781
106901
164789
222782
222783
177271
222784
222785
164794
164795
222786
133872
164796
222787
164797
164798
222788
133878
164800
164801
222789
222790
222791
177277
222792
222793
133887
222794
133889
222795
222796
177281
177282
133894
164812
177283
222797
164815
222798
133900
164817
222799
222800
222801
133905
133906
222802
133907
222803
133909
222804
222805
133910
106954
164822
177288
177289
177290
106959
222806
133916
106962
106963
106964
164824
106966
106967
133918
106970
222807
106972
106973
106974
222808
106976
222809
106978
106979
133920
106981
106982
106983
106984
106985
222810
106987
106988
106989
106990
222811
177293
177294
222812
177296
177297
222813
222814
177300
177301
177302
177303
177304
177305
177306
222815
177308
164842
107010
133939
164843
222816
222817
177310
222818
107017
222819
164848
164849
164850
133945
222820
164851
107025
107026
222821
164853
107029
107030
222822
133949
164854
107034
107035
164855
107037
107038
107039
177311
222823
164858
222824
222825
164860
222826
164861
164862
133953
107050
133954
222827
107053
222828
107055
222829
133956
222830
107059
222831
222832
177316
107063
222833
177317
133958
133959
222834
107069
222835
222836
177318
164869
222837
177320
222838
222839
164872
107079
177323
177324
177325
107083
107084
107085
107086
177326
107089
222840
177328
222841
222842
177330
177331
222843
222844
222845
222846
177336
177337
177338
164889
177339
164890
107108
107109
107110
177340
177341
177342
177343
107115
107116
177344
107118
107119
107120
177345
222847
222848
177347
133990
177348
164900
177349
222849
107130
107131
164902
177351
107134
107135
177352
107137
133998
222850
107140
107141
107142
107143
107144
107145
177353
134000
107148
107149
107150
134001
177354
107153
177359
164907
177360
164909
164910
177361
164912
222851
107178
107179
177362
107181
164914
107183
177363
164916
107186
134010
177364
164918
164919
177365
107192
222852
177367
107197
134016
222853
222854
107201
164924
164925
177369
222855
222856
222857
222858
222859
222860
222861
164934
222862
222863
177376
222864
222865
222866
177380
222867
222868
177383
222869
177385
222870
222871
177388
222872
222873
222874
222875
222876
164955
222877
222878
222879
222880
177395
222881
222882
164963
177398
177399
177400
222883
222884
177403
222885
177405
222886
177407
177408
177409
222887
222888
222889
222890
222891
222892
222893
222894
222895
164985
164986
222896
222897
222898
222899
222900
222901
222902
222903
164995
222904
177427
222905
177429
177430
222906
177432
177433
165004
165005
222907
222908
222909
222911
177442
165015
165016
165017
165018
165019
222913
165021
165022
165023
165024
165025
165026
165027
165029
165030
165031
165032
177443
165034
165035
165036
165037
165038
165039
177444
177445
177446
177447
177448
222914
177450
177451
222915
177453
177454
177455
177456
177457
177458
222916
177460
177461
177462
222917
177464
177465
177466
177467
177468
222918
222919
177471
222920
177473
177474
177475
177476
177477
222921
222922
177480
165075
177481
177482
177483
165079
165080
165081
165082
177484
165084
165085
165086
165087
165088
165089
165090
165092
165093
165094
165095
165096
165097
165098
177485
165099
165101
165102
165103
165104
222923
222924
165107
165108
165109
222925
165111
222926
165113
165114
165115
165116
165117
165118
177486
165120
165121
165122
165123
165124
165125
165126
165127
177487
165129
165130
165131
165132
165133
165134
165135
165136
165137
165138
222927
165140
165141
165142
222928
222929
177490
165146
165147
165148
165149
222930
165152
165153
165154
165155
165156
165157
222931
165159
165161
222932
165163
165164
165165
222933
165167
165168
165169
222934
222935
177491
165173
177492
165175
165176
165177
165178
165179
165180
165181
165182
165183
165184
165185
165186
165187
165188
165189
165190
165191
222936
165193
165194
165195
165196
165197
222937
165199
165200
165201
165202
165203
222938
165205
165206
165207
222939
222940
165210
165211
165212
165213
165214
165215
165216
165217
165218
165219
165220
165221
165222
165223
222941
165225
165226
165227
165228
177496
177497
165230
165231
165232
165233
165234
165235
222942
165237
222943
165239
222944
165241
165242
222945
165244
165245
222946
165247
165248
222947
165250
222948
165252
165253
165254
165255
165256
222949
165258
165259
177499
222950
165262
165263
165264
165265
165266
165267
165268
165269
165270
165271
165272
165273
165274
222951
165276
165277
165278
165279
165280
165281
165282
165283
165284
165285
222952
165287
165288
222953
165290
165291
222954
222955
222956
165295
222957
165297
177503
222958
222959
177505
222960
165303
177506
177507
222961
165307
165308
165309
165310
165311
165312
165313
165314
165315
165316
165317
165318
165319
165320
165321
165322
165323
165324
165325
165326
165327
165328
165329
165330
165331
165332
222962
222963
222964
165336
165337
177510
165339
165340
165341
165342
165343
165344
165345
165346
165347
165348
222965
222966
222967
177511
177512
222968
165355
222969
177515
165358
177516
165360
222970
177518
165363
177519
222971
165366
222972
222973
222974
222975
222976
222977
222978
165374
222979
165376
222980
222981
222982
222983
165381
222984
222985
222987
222988
165387
222989
222990
177532
165391
222991
165393
165395
165396
222992
165398
222993
165400
222994
222995
222996
222997
165405
177537
165407
177538
165410
165411
222998
177540
222999
223000
165416
177543
165418
223001
165420
223002
177546
165423
165425
165426
165427
165429
165430
165431
165432
165433
165434
177547
165436
177548
223003
165441
165442
165443
223004
177551
223005
177552
223006
165451
165452
177553
223007
165458
223008
165460
165461
177555
177556
165466
165467
165468
165469
165471
165473
177557
165476
223009
165478
165479
223010
177558
223011
165484
165485
165486
223012
223013
223014
223015
223016
177562
223017
223018
223019
177565
165499
177566
177567
223020
223021
223022
223023
165509
223024
223025
165513
165514
177569
165516
165517
165518
223026
223027
223028
223029
165523
165527
165528
223030
223031
177573
165533
177574
165536
165538
165539
223032
177576
165546
165547
223033
177577
223034
223035
223036
165553
165554
165555
165556
223037
223038
165560
223039
165563
165564
223040
177582
223041
223042
223043
165570
223044
223045
223046
165574
223047
223048
223049
223050
223051
165582
165586
165587
165588
223052
177588
177589
177590
177591
223053
177593
177594
177595
177596
223054
177598
223055
223056
223057
177602
223058
223059
223060
223061
177607
177608
177609
223062
223063
223064
177613
177614
223065
223066
223067
177618
177619
223068
177621
177622
177623
177624
177625
223069
223070
223071
223072
223073
177631
223074
177633
223075
223076
223077
177637
223078
177639
177640
177641
177642
177643
177644
177645
177646
223079
177648
130605
273755
273769
273784
213699
275046
275049
211933
275070
275071
211955
211956
275072
211958
275073
211960
275074
213897
211964
119412
119413
119404
197370
212564
213392
271230
271231
271232
271233
271235
276935
278493
278501
278663
278703
278751
278832
278833
306847
306850
278842
306876
278901
278907
278909
278910
278912
278914
278917
306906
306907
278920
278923
306910
278925
278928
306921
249943
306922
278947
109608
278957
278993
278994
278995
278996
278997
278998
278999
279001
306963
279054
279070
279083
279085
279105
307047
279118
307060
109783
279128
279133
279145
250114
279151
279154
279177
144411
279181
279216
307130
307131
279218
279223
279235
279241
279266
279268
307171
279272
279277
307182
279290
279305
279311
279312
279313
307203
279315
279316
109986
279319
250265
279336
307220
279337
250270
144537
279341
144538
279343
307234
110032
279357
307236
307237
279359
307238
279403
307276
307283
279449
279452
279483
279627
279629
279630
279637
279665
279666
279672
279677
279715
279747
307550
279751
279757
307571
279790
279796
307588
279812
279813
250679
279819
144935
279822
279826
307606
201846
110536
279832
144947
279840
110557
307617
307619
279853
307624
279858
250716
279870
279880
279881
250739
279888
279892
279897
250753
279907
279910
307668
279928
307679
307682
279933
279939
279941
279943
279951
279953
279954
279955
279956
307700
279964
279970
307709
279979
280017
280020
280021
280022
280025
250863
307758
280049
280050
280054
280064
280065
307786
280076
280077
251060
280298
111059
280316
280317
280345
280395
308053
280404
280407
280410
308064
251180
308066
280447
280467
308107
280468
280489
280494
111251
280501
280545
280546
280553
308188
111345
308189
280581
308191
280583
111360
308201
280594
280597
280613
280614
280615
280616
280617
280620
280625
111400
280633
280634
280642
280645
280797
308370
280812
308375
308378
280820
280822
280904
280922
308516
111760
280993
281009
281022
251643
281024
281025
281051
111843
281058
281063
308578
281067
281073
145918
281077
308592
281088
281091
281092
281093
281094
281097
281098
308597
251695
281109
281120
281127
281153
281155
281157
281162
281192
281216
281225
281237
281240
281242
281245
251809
281252
251813
251815
251817
308720
281269
281270
281276
281280
281281
281290
281291
281293
281294
281302
308745
281305
281306
281308
281309
281310
281311
281312
281316
281322
251863
281336
281337
308764
281339
281347
281348
281349
281350
281351
281352
281353
146143
281365
281370
281371
281372
281377
281383
281391
251920
308800
281397
281398
281399
281400
281409
281411
281421
281430
308821
281437
281501
281505
112362
281543
281544
281546
281547
281551
281553
281556
281565
281566
281567
281569
281570
281571
281600
281603
281605
308977
146364
308982
281671
281690
281713
281756
281801
281809
146498
281844
146503
309143
281888
281903
281925
282069
282072
282102
282103
282277
282317
282327
282358
282359
282360
282365
282366
282367
282370
282381
309591
282383
282386
282390
282391
282392
282396
309600
282398
282400
282401
282402
282405
282408
309606
282411
309621
282445
113356
309639
282447
252691
282455
282458
113396
282484
282486
282489
282490
282501
282505
282509
282510
252728
282513
282528
282533
282539
282545
282546
282551
282556
282569
282577
282584
282591
309761
282602
282606
282607
282619
282620
282621
282627
309783
282632
282638
147122
113574
113583
309800
309809
282664
282666
309812
282673
282675
282677
282690
282696
282700
282702
282705
282711
282731
282737
282741
282746
282757
282759
282761
282762
282815
282817
282858
282862
282864
282873
309978
282877
113835
282879
282884
282889
282891
282893
282904
282907
282943
282997
282998
310102
283034
147458
310115
147459
283042
283043
283054
310125
114041
283060
283066
191255
253146
283071
283072
253150
283076
283078
283079
283085
283089
283092
147504
283104
283110
253168
283122
283124
283128
283135
147533
283146
283147
283148
147544
191270
114153
147545
283149
283150
253185
283151
310203
283176
283180
310217
283189
283192
310223
310243
283219
283221
283230
253234
114252
283238
310260
114264
114270
253243
253247
283255
147629
283269
114299
114301
283276
253263
191311
283304
114342
283319
283357
310364
283396
310384
283407
283416
283418
283419
283420
283422
283435
283438
283441
147756
283448
283451
283452
283458
283460
283462
283464
283470
283471
114536
283472
283477
310429
283500
283501
147807
283504
147812
283512
310449
114586
283523
283524
283526
283528
283531
310463
114618
283569
283576
310500
283584
283586
283588
283591
283605
283610
283614
283619
283633
283634
147919
310542
283650
114740
253527
283656
310566
283680
283682
114778
283691
283693
310581
283700
310597
147993
283729
283736
114838
148007
310640
283778
283790
283797
283798
310668
283834
283844
114962
283854
253668
283879
283887
283893
283895
283901
283911
283912
283913
191504
148156
283929
283933
283948
283973
283991
284002
284009
115164
310831
284024
253772
115174
284026
115187
284037
310854
284071
148289
284102
284104
253815
115269
284108
115285
115288
115303
253836
148323
284147
115336
115355
115368
115374
148361
284193
284197
284210
284239
284240
284263
284269
284281
284287
284300
284311
311049
115513
284331
284364
115570
284370
284372
284423
284441
115660
284451
284455
70500
115686
284470
284478
115703
284479
115705
284521
284526
284532
254068
311220
284539
284546
284549
115814
284577
148663
115833
284592
311277
284616
284618
311284
148700
148701
284630
311298
148716
148722
284687
148753
284701
311348
284709
284734
254182
284742
116019
116023
284752
284756
311385
284761
284762
284763
284767
284780
311406
285076
285079
285163
254516
285203
285223
285256
285273
285280
191941
285360
285362
285414
285415
285417
285418
285488
285489
311967
149382
149427
285583
285589
285590
312046
312066
285618
285628
285632
117039
312086
285639
285641
285643
285649
285650
149522
285840
312269
312289
285872
312298
285878
285879
72144
72147
312303
312306
255023
285932
285942
285944
285945
285956
286074
286076
286089
312491
117544
286130
286131
286145
312535
312558
286206
255175
286219
286220
312591
312597
286268
72614
117766
286319
286320
286334
286342
312676
286365
286386
286393
286394
286461
286484
286486
312790
150302
150305
312932
312957
286695
286721
287442
287443
119058
287517
287595
287634
287660
287662
256166
287750
313926
313931
287783
287788
287791
287794
313944
287800
287802
287804
287817
151339
313964
151356
151358
313975
313976
287858
287944
287945
287956
287957
287961
287962
287965
314085
287970
314100
314104
314108
151532
287997
151535
314113
288002
288004
314117
288014
314127
288018
288028
288030
288031
288033
151573
288038
288139
288140
314234
314235
151694
288183
288222
288251
288283
314372
288317
288318
314404
288349
288351
288362
288369
314419
314473
288456
314492
314498
288483
288485
288494
314509
288512
288565
314574
152193
288625
288721
152398
288812
288834
288848
152474
152528
288933
288939
314928
288948
288963
152589
288986
289003
314992
315000
289037
315030
152699
152702
289084
204871
289089
315062
152747
289120
289134
152777
289172
289173
152816
289174
289175
289195
289200
289211
315162
315187
289250
289258
289285
152955
315236
152957
315237
315239
289339
289352
315289
153025
289375
289377
289401
289402
289469
193262
289567
289579
289693
289696
289756
289789
289912
289913
290339
316162
290537
316440
316803
316804
316808
291018
291424
258893
317196
317197
291589
317660
317864
292590
292591
292603
292702
318477
292868
318535
292959
318618
293114
318663
293128
318684
293188
293293
293326
318848
318870
293363
318888
293379
293395
318916
293419
293426
318937
293457
293460
318950
293508
293660
293662
293676
293677
293691
293692
319240
128998
129050
